,title,id,author,url,score,num_comments,text,date,link
0,"Stocks to watch for Tuesday and overnights: CELZ, GOHE, PHOT, EBIO, VATE, SSOF, DPW",8ehryt,dirtywiggle,https://www.reddit.com/r/pennystocks/comments/8ehryt/stocks_to_watch_for_tuesday_and_overnights_celz/,13,11,"Well if CELZ is not broke then why fix it and no I am not pumping it as I cannot get this many shares traded. Still on the watch list and still seeing 100 million plus shares traded. I always consider it a good morning or overnight play if it finishes near the high of the day. Company continues to get rid of debt and is waiting on trial information. Did not even try to slow down by the end today so it will be fun to see how it works out. Broke huge resistance level. 

GOHE is another multiday OTC runner that just seems to go up. But now we are starting to see that it may start a crack down. Will be interesting to watch tomorrow as it topped out mid day and volume at close was lower. 

PHOT is one of those new hot Marijuana stocks that is taking legs again and just ran today. Do not know what will happen to it but it broke out very well and many run more. 

EBIO is another being if it isn't broke do not fix it. Been on the watchlist a number of days simply because it just moves and the chart is nice. Always seems to be a safe overnight and that is why it was on my overnight watchlist most days. 

VATE I care less about but will watch if it bounces off 0.06 or not which it may and go back up. Slow for now. 

SSOF found some legs and ran once again. I could see it being a dip buy tomorrow. We will see as it may go down mid day. 

DPW is the safest overnight if you can afford 3-5% gains. Just have to be quick and intraday it is garbage. ",2018-04-24,https://www.reddit.com/r/pennystocks/comments/8ehryt/stocks_to_watch_for_tuesday_and_overnights_celz/
1,Day trading and swing trading!,8ej5qt,Jasssmeen,https://www.reddit.com/r/pennystocks/comments/8ej5qt/day_trading_and_swing_trading/,1,0,[removed],2018-04-24,https://www.reddit.com/r/pennystocks/comments/8ej5qt/day_trading_and_swing_trading/
2,GNCP GOLD MINING CO- HUGE VOLUME!! 04/22/2018 Supplemental Information - CANCELLATION OF SHARES OF THE COMPANY'S COMMON STOCK https://www.otcmarkets.com/stock/GNCP/disclosure,8eiuz6,wallstreets,https://www.reddit.com/r/pennystocks/comments/8eiuz6/gncp_gold_mining_co_huge_volume_04222018/,1,0,[removed],2018-04-24,https://www.reddit.com/r/pennystocks/comments/8eiuz6/gncp_gold_mining_co_huge_volume_04222018/
3,AYTU SHAREHOLDER UPDATE,8ekm31,Laker_Gev,https://www.reddit.com/r/pennystocks/comments/8ekm31/aytu_shareholder_update/,7,12,http://secfilings.nasdaq.com/filingFrameset.asp?FilingID=12697861&amp;RcvdDate=4/24/2018&amp;CoName=AYTU%20BIOSCIENCE%2C%20INC&amp;FormType=8-K&amp;View=html,2018-04-24,https://www.reddit.com/r/pennystocks/comments/8ekm31/aytu_shareholder_update/
4,NAK is a potential 30 Billion MK,8ekfc9,limon2403,https://www.reddit.com/r/pennystocks/comments/8ekfc9/nak_is_a_potential_30_billion_mk/,1,5,"Alaskans don't give a shit about the environment. It's sad to hear but it'd true. A century or two of seeing the white man not give a fuck either will do that to you.

But seriously, add another $1000 to that yearly check and they'll drink more. And love it.",2018-04-24,https://www.reddit.com/r/pennystocks/comments/8ekfc9/nak_is_a_potential_30_billion_mk/
5,HMNY still maintained as a buy by canaccord with a price target of $12 a 400% increase from its current 2.40 price,8ek96z,zimzambIe,https://www.reddit.com/r/pennystocks/comments/8ek96z/hmny_still_maintained_as_a_buy_by_canaccord_with/,19,13,https://www.google.com/amp/s/www.smarteranalyst.com/research-analysts/helios-matheson-analytics-hmny-canaccord-continues-confident-despite-stock-crash/amp/,2018-04-24,https://www.reddit.com/r/pennystocks/comments/8ek96z/hmny_still_maintained_as_a_buy_by_canaccord_with/
6,"Watching a few bottomed out ""Oldie But Goodie"" Stocks and more",8ek85g,jameson62,https://www.reddit.com/r/pennystocks/comments/8ek85g/watching_a_few_bottomed_out_oldie_but_goodie/,3,4,"GTBP \- Bottom of its channel. Looking for a flip hopefully to high 1.60's or 1.70 would be amaze

FUSZ\- Pull back yesterday but the pump is strong here.  I'm guessing a little more consolidation but I think there's something goin on in Vegas this week \(just saw some of the pumpers tweeting about it\)

BKPPF \- blockchain/bitcoin stock holding a channel between 0.50\-0.57. Arbitrage in Canada is holding things up here IMO but lots of action ""up north"" makes me think that this is far from done.

CELZ \- Volume is still strong here, wouldn't be surprised to see a continuation and then maybe consolidation later in the week to new higher support

NETE, DPW, KODK, GBTC \- reaction on bitcoin/crypto move

Options: Looking at May calls on MU, NVDA, AMD, IBM, and AAPL",2018-04-24,https://www.reddit.com/r/pennystocks/comments/8ek85g/watching_a_few_bottomed_out_oldie_but_goodie/
7,$BEIL Penny Stock showing some steady gains. Anyone else in on $BEIL?,8el4rh,infectedsponge,https://www.reddit.com/r/pennystocks/comments/8el4rh/beil_penny_stock_showing_some_steady_gains_anyone/,2,0," Have been sitting on this stock for sometime. I wanted to see what you guys think of it. 

Anyone else invested?",2018-04-24,https://www.reddit.com/r/pennystocks/comments/8el4rh/beil_penny_stock_showing_some_steady_gains_anyone/
8,MUST READ TO BECOME WEALTHY $$$$$,8ekw2q,HOTBIOS777,https://www.reddit.com/r/pennystocks/comments/8ekw2q/must_read_to_become_wealthy/,1,0,[removed],2018-04-24,https://www.reddit.com/r/pennystocks/comments/8ekw2q/must_read_to_become_wealthy/
9,"IHSI never moves, but hit the breakout board",8emsv5,monrogasm,https://www.reddit.com/r/pennystocks/comments/8emsv5/ihsi_never_moves_but_hit_the_breakout_board/,11,17,Noticed an old stagnant ihsi hitting up to slot 6 on the IH BOB. Maybe I'll finally get something out this one? Anyone else been in on this? I've got 16M shares @.0001 so hoping the recent interest is some good news.,2018-04-24,https://www.reddit.com/r/pennystocks/comments/8emsv5/ihsi_never_moves_but_hit_the_breakout_board/
10,"April 24, 2018 Tomorrow's Daily /r/Pennystocks Discussion - What are your Wednesday plays?",8emjiz,AutoModerator,https://www.reddit.com/r/pennystocks/comments/8emjiz/april_24_2018_tomorrows_daily_rpennystocks/,4,6,"Please use this thread to discuss your plays of the day!

Since this thread is likely to fill up quickly, consider sorting the comments by ""new"" (instead of ""best"" or ""top"") to see the newest posts.
",2018-04-24,https://www.reddit.com/r/pennystocks/comments/8emjiz/april_24_2018_tomorrows_daily_rpennystocks/
11,EVLV,8elz5w,AdoptedJewBoy,https://www.reddit.com/r/pennystocks/comments/8elz5w/evlv/,5,7,"According to news potential buyout from Amazon. Sitting at $1.10 and is up 36%.
Still a strong buy?",2018-04-24,https://www.reddit.com/r/pennystocks/comments/8elz5w/evlv/
12,$ONCI,8elxop,Syber_Pussy,https://www.reddit.com/r/pennystocks/comments/8elxop/onci/,2,2,"/r/ONCI
-

Anyone back in this today?  Up 12 percent so far.  Still holding my shares from August 2017.  Hoping to get to a breakeven point here by summer. ",2018-04-24,https://www.reddit.com/r/pennystocks/comments/8elxop/onci/
13,Hate Your Cable Company? UOIP is going after the 13 majors. DD link inside,8eo6oh,DeputyDyl,https://www.reddit.com/r/pennystocks/comments/8eo6oh/hate_your_cable_company_uoip_is_going_after_the/,19,6,"https://investorshub.advfn.com/boards/read_msg.aspx?message_id=140277623

",2018-04-24,https://www.reddit.com/r/pennystocks/comments/8eo6oh/hate_your_cable_company_uoip_is_going_after_the/
14,#BYOC and #LIBE on the move #CELZ Consolidates,8ena4o,CaptainWeee,https://www.reddit.com/r/pennystocks/comments/8ena4o/byoc_and_libe_on_the_move_celz_consolidates/,2,0,"Bought more #CELZ today, also #BYOC making a new leg up and #LIBE moving up as well 👌",2018-04-24,https://www.reddit.com/r/pennystocks/comments/8ena4o/byoc_and_libe_on_the_move_celz_consolidates/
15,How do people know about stocks like CHEK befotre they explode?,8en5s8,fudruckers135,https://www.reddit.com/r/pennystocks/comments/8en5s8/how_do_people_know_about_stocks_like_chek_befotre/,1,0,[removed],2018-04-24,https://www.reddit.com/r/pennystocks/comments/8en5s8/how_do_people_know_about_stocks_like_chek_befotre/
16,"Overnight for 4/24 DPW is best, CELZ is questionable, GNIN being watched",8en2k6,dirtywiggles,https://www.reddit.com/r/pennystocks/comments/8en2k6/overnight_for_424_dpw_is_best_celz_is/,0,1,"DPW is the easiest to pick here. They really start presenting at their conference for the first time tomorrow. This is usually a good indicator it gets hyped up and hence a little spike. Overnight charts are good but I would not touch until last minute. Tomorrow night especially I think it will be a great overnight play https://finance.yahoo.com/news/dpw-participate-planet-microcap-showcase-103000551.html

CELZ is usually a good play for a morning sell into a spike and almost always goes well above close within 30 minutes of open the next morning. Still seeing high volume. 

GNIN saw high volume today and began its breakout. Looks interesting for sure but do not know what to make of it. ",2018-04-24,https://www.reddit.com/r/pennystocks/comments/8en2k6/overnight_for_424_dpw_is_best_celz_is/
