,author,id,url,score,text,date
0,JojenCopyPaste,f3ok75y,/r/pennystocks/comments/dhjvw2/earning_releases/f3ok75y/,1,"In those stocks, maybe.  Depends what the numbers are.  But most of those won't be penny stocks.",2019-10-14
1,TheEarningsTrader,f3okhgk,/r/pennystocks/comments/dhjvw2/earning_releases/f3okhgk/,1,"It all depends on the stock. Earnings releases do make the price change but sometimes they change in the opposite direction of the earnings report. It depends on many things not just the earnings release but also the over all trend of the stock and also the market trend so the stock may have positive earnings but because the market is down then the stock will still drop. And if the stock does go up it will return to the down trend in a relatively short time.

As you can see by my name, I trade earnings releases almost exclusively and this week there are a lot of earnings reports.

The Earnings Trader",2019-10-14
2,DanTheMan902,f3omxx3,/r/pennystocks/comments/dhk6q0/how_to_detect_a_fraud/f3omxx3/,1,"What about lying about how much experience you have? Or plagirising other peoples work and claiming it as your own? 

Let's call this fraud, 31421195211212.",2019-10-14
3,21421195211212,f3on758,/r/pennystocks/comments/dhk6q0/how_to_detect_a_fraud/f3on758/,1,Your trolling is noted.,2019-10-14
4,DanTheMan902,f3oocno,/r/pennystocks/comments/dhk6q0/how_to_detect_a_fraud/f3oocno/,1,"Seeing as how I've never once promoted a stock (besides talking about my position in ATE) I highly doubt I'm someone's second account. Lmao.

But seeing as how you've told everyone you've been trading since 2002. 2006. 2009. 2011. 2015 For 5 years now. For 13 years now. Literally every post you change your story. Every. Single. Time. 

And how many of post have been plagerised. Copied and pasted. Just because you spend 4 hours with a thesaurus changing every word until you cant understand anything doesnt make it any less stolen.

Nah, I'm not the troll. You are. And I fucking love calling you out so everyone knows it.",2019-10-14
5,21421195211212,f3oofun,/r/pennystocks/comments/dhk6q0/how_to_detect_a_fraud/f3oofun/,1,"Ok that's fantastic. My post still stands. If you think I'm a fraud, then perhaps you're asking the right questions. You'd be wrong, but you can keep trying.

Regardless, just so everyone knows: https://i.imgur.com/wTtrblX.png",2019-10-14
6,DanTheMan902,f3ooj34,/r/pennystocks/comments/dhk6q0/how_to_detect_a_fraud/f3ooj34/,1,Hahahaha nice photoshop,2019-10-14
7,DanTheMan902,f3oovjz,/r/pennystocks/comments/dhk6q0/how_to_detect_a_fraud/f3oovjz/,1,"Just so everyone knows. We've only had one exchange when he got mad at me calling him out.

https://imgur.com/gallery/XRv8fTv

But thanks for being so butthurt you felt the need to photoshop me to make me look bad!! Only proves me point even more 😊",2019-10-14
8,Mister2JZ-GTE,f3op8kr,/r/pennystocks/comments/dhk6q0/how_to_detect_a_fraud/f3op8kr/,1,BEMG,2019-10-14
9,21421195211212,f3opcpj,/r/pennystocks/comments/dhk6q0/how_to_detect_a_fraud/f3opcpj/,1,"&gt; BEMG

The chart: http://bigcharts.marketwatch.com/quickchart/quickchart.asp?symb=BEMG&amp;insttype=&amp;freq=&amp;show=

It does look similar to a pump.",2019-10-14
10,21421195211212,f3opm48,/r/pennystocks/comments/dhk6q0/how_to_detect_a_fraud/f3opm48/,1,"Ask yourself why he's so committed to slandering. I'm pointing out the scams, and he makes up stories and lies. He's a second account of the pumper.",2019-10-14
11,21421195211212,f3opp5j,/r/pennystocks/comments/dhk6q0/how_to_detect_a_fraud/f3opp5j/,1,https://i.imgur.com/wTtrblX.png,2019-10-14
12,Thalesian,f3opyr3,/r/pennystocks/comments/dhk6q0/how_to_detect_a_fraud/f3opyr3/,1,"

&gt; These frauds are nothing more than glorified pump and dump artists, lacking morality, ethics and integrity.
But beyond that, they're actually breaking the law and SEC rules.
&gt;Such a trader, instead of using knowledge and trading skills fairly, is in the business of manipulating stocks for personal gain.
&gt;There is no denying this fact, it is crystal clear.
Stock manipulation is illegal and such a trader should be banished for life by the SEC from the financial industry and prison time should be seriously considered in such a case.

Is there a way to report them to those who can take action?",2019-10-14
13,DanTheMan902,f3oq6b5,/r/pennystocks/comments/dhk6q0/how_to_detect_a_fraud/f3oq6b5/,1,"You can edit your post all you want. Mods can still see it. Over 30 people have viewed the fake photoshopped picture you posted. The damage is done. You got called out for being a liar, acted like a child then removed everything to try and look innocent. 

Catch ya on the next one of your spam posts bud.",2019-10-14
14,21421195211212,f3or58q,/r/pennystocks/comments/dhk6q0/how_to_detect_a_fraud/f3or58q/,1,"I'm not entirely sure. Moderators should consider doing their job. This comment section is proof of that. A cleaner subreddit that's free of promotion would be ideal. That's how it should be, if rules were enforced.",2019-10-14
15,SensibleCreeper,f3ore7u,/r/pennystocks/comments/dhk6q0/how_to_detect_a_fraud/f3ore7u/,1,"This is one of the most legitimate posts I've seen for some time on here. Mods dont ever do shit and I blocked the capt long time ago. I still stick around to beak the transparent trader. All promoters are bags of shit. If they did well, than why would they need to promote their move?! To manipulate those you can get money out of.",2019-10-14
16,Winnerorloser43,f3ouuv1,/r/pennystocks/comments/dhjvw2/earning_releases/f3ouuv1/,1,Do you have any stocks you like this week?,2019-10-14
17,Devlog1Seg,f3oy0y7,/r/pennystocks/comments/dhk6q0/how_to_detect_a_fraud/f3oy0y7/,1,the market notify dude is a fraud who fakes his p and ls probably uses chatroom for his fake account,2019-10-14
18,TheEarningsTrader,f3p05xz,/r/pennystocks/comments/dhjvw2/earning_releases/f3p05xz/,1,"I will be posting videos and blogs Tuesday, Wednesday, Thursday and Friday as there are quite a lot of earnings releases this week but none today.",2019-10-14
19,heliogt2,f3pa0ds,/r/pennystocks/comments/dhk6q0/how_to_detect_a_fraud/f3pa0ds/,1,"Hey Man nice analysis! I think this is useful for the sub.

 Just want to expand on your last point and share a different point of view. I think the SEC has been much more aggressive in pursuing micro cap fraud since chairman Clayton took over. 

In addition to enforcement actions against operators and financiers, they have gone after service providers like broker dealers, accountants, and crooked attorneys who play a vital gatekeeping role.

They have also expended considerable resources in delisting and eliminating dormant shells which are ultimately used to conduc future pump-and-dump campaigns.

However they can never do enough. Thats because the OTC is such a massive wasteland of broken dreams and fraud that they would never be able to hire enough people to completely clean it up.

If anyone is interested in reviewing what the SEC has done, head on over to sec.gov and look at the litigation and administrative sections of the enforcement area of the website.

And finally of course you all know that staff from the SEC reads this sub, right?",2019-10-14
20,newleafkratom,f3pr65m,/r/pennystocks/comments/dhr2nh/lvca_is_going_to_be_the_ca_branch_of_dcgd/f3pr65m/,1,"LVCA is owned by the Yourist brothers who also own IGNG (Grapefruit Boulevard) which has he to file their Super 8-K, name change, audit or symbol change",2019-10-14
21,livestrong2209,f3pr9a1,/r/pennystocks/comments/dhptye/rxmd_news_out_this_morning/f3pr9a1/,1,This stock is only going to tank...,2019-10-14
22,StockTraydur,f3ptw28,/r/pennystocks/comments/dhq0mn/biotech_penny_stocks_sls_ttnp_gtbp/f3ptw28/,1,TTNP volume increased today,2019-10-14
23,markiemark621,f3puqap,/r/pennystocks/comments/dhro4z/penny_stocks_to_watch_this_week_bimi_nat_tnk/f3puqap/,1,All over BIMI today,2019-10-14
24,StockTraydur,f3pw7n1,/r/pennystocks/comments/dhro4z/penny_stocks_to_watch_this_week_bimi_nat_tnk/f3pw7n1/,1,crazy move,2019-10-14
25,markiemark621,f3pz72s,/r/pennystocks/comments/dhro4z/penny_stocks_to_watch_this_week_bimi_nat_tnk/f3pz72s/,1,fur realz,2019-10-14
26,DrKaleman,f3q16bv,/r/pennystocks/comments/dhr2nh/lvca_is_going_to_be_the_ca_branch_of_dcgd/f3q16bv/,1,Is this public? Any articles or link you can send?,2019-10-14
27,CaptainWeee,f3q8wrp,/r/pennystocks/comments/dhr2nh/lvca_is_going_to_be_the_ca_branch_of_dcgd/f3q8wrp/,1,Tried telling people but people don’t wanna listen. They would rather allow the shit talkers on here to bash every post.,2019-10-14
28,CoolSoupy1,f3qa8xy,/r/pennystocks/comments/dhr2nh/lvca_is_going_to_be_the_ca_branch_of_dcgd/f3qa8xy/,1,Pump &amp; Dump $DCGD is an empty shell !,2019-10-14
29,AlrightStopHammatime,f3qiyvc,/r/pennystocks/comments/dhr2nh/lvca_is_going_to_be_the_ca_branch_of_dcgd/f3qiyvc/,1,I'm deeeeeeeeeeeeep in both.  This is going to blow up.,2019-10-14
30,Neverrreverrr,f3qvftj,/r/pennystocks/comments/dhr2nh/lvca_is_going_to_be_the_ca_branch_of_dcgd/f3qvftj/,1,How long do you expect to hold them?,2019-10-14
31,AlrightStopHammatime,f3r6ojs,/r/pennystocks/comments/dhr2nh/lvca_is_going_to_be_the_ca_branch_of_dcgd/f3r6ojs/,2,That's the million dollar question.,2019-10-14
32,poppadrummin,f3r7ep7,/r/pennystocks/comments/dhweda/bimi_breakout_update_2/f3r7ep7/,1,Are you holding over night?,2019-10-14
33,Winnerorloser43,f3r80a2,/r/pennystocks/comments/dhjvw2/earning_releases/f3r80a2/,1,Thnxi will def check it out,2019-10-14
34,t40sx,f3rab9o,/r/pennystocks/comments/dhr2nh/lvca_is_going_to_be_the_ca_branch_of_dcgd/f3rab9o/,1,What platform are you using?,2019-10-14
35,jameson62,f3raybt,/r/pennystocks/comments/dhweda/bimi_breakout_update_2/f3raybt/,1,not holding anything. I wish,2019-10-14
36,WubbaWubba25,f3rc6v5,/r/pennystocks/comments/dhweda/bimi_breakout_update_2/f3rc6v5/,1,"I rode from roughly 5.75 - 8.80

What do we feel tomorrow brings? What is the buy-limit price you feel makes for an aggressive second push? Will the price drop at all out of the gates?",2019-10-14
37,delicutsofsalami,f3rez89,/r/pennystocks/comments/dhwrwz/i_have_a_stock_that_went_to_the_grey_sheets_about/f3rez89/,1,"Google ""what is trade expert market""",2019-10-14
38,BobbyCamp,f3rf9ut,/r/pennystocks/comments/dhweda/bimi_breakout_update_2/f3rf9ut/,2,Started small with 30 shares bought it at 4.72 at closing it was 9 bucks a share Afterhours it’s teetering between 9.50 to 11 and change got a return a little over $200 today like I said I started small just to see what it would do. Wish I put in more.,2019-10-14
39,jameson62,f3rg4e4,/r/pennystocks/comments/dhweda/bimi_breakout_update_2/f3rg4e4/,2,NICE!,2019-10-14
40,benny2012,f3rg5hq,/r/pennystocks/comments/dhr2nh/lvca_is_going_to_be_the_ca_branch_of_dcgd/f3rg5hq/,1,/remind me in 2 weeks,2019-10-14
41,jameson62,f3rg5k3,/r/pennystocks/comments/dhweda/bimi_breakout_update_2/f3rg5k3/,2,That's AWESOME.  I saw it hit over $11 afterhours,2019-10-14
42,WubbaWubba25,f3rgh14,/r/pennystocks/comments/dhweda/bimi_breakout_update_2/f3rgh14/,2,"You considering buying some tomorrow?

I see it as a long term winner landing somewhere close to $15 for end of year.. they just made a massive acquisition of a pharmacy chain.. 10% of the prescriptions sold in those pharmacies are exclusive contracts..

Sounds like it would be a boost to their value.

Personally I hope tomorrow is wicked volatile and we see a return to nearly the market close value of oct 13th. 

I’d buy it cheap for a second ride..",2019-10-14
43,retazo42,f3rkx3i,/r/pennystocks/comments/dhweda/bimi_breakout_update_2/f3rkx3i/,1,"I bought at 5.56, I had most of my capital tied up, but I wound up with 75 shares.  I watched it go up to over 9.00, then I got paranoid when it sharply went down to around 7.00, so I sold on the way back up at $8, but only 55 shares of it (appx my original investment) now I still have 20 shares of it as pure profit.  I’m hoping I made the right play.",2019-10-14
44,mikecheat04,f3rzbpn,/r/pennystocks/comments/dhro4z/penny_stocks_to_watch_this_week_bimi_nat_tnk/f3rzbpn/,1,"Completely new to this world, as in just started reading about it today, so why was this a crazy move? Because it will likely drop instead of continuing to climb?",2019-10-14
45,raoulduke415,f3rzmgc,/r/pennystocks/comments/dhptye/rxmd_news_out_this_morning/f3rzmgc/,1,I'll never forget my biggest FOMO and this stock was it. I had a grand in this stock for over a year and sold a month before it went from less than a penny to 30 cents. I took a few days off work that week to cry and disconnect from the outside world. Im over it now,2019-10-14
46,21421195211212,f3s1d2m,/r/pennystocks/comments/dhr2nh/lvca_is_going_to_be_the_ca_branch_of_dcgd/f3s1d2m/,1,"There are so many stocks to post about, yet this 10 cent stock with absurd claims is prioritized. Crazy. Perhaps it's time to find a new trading subreddit, this one is consistently terrible and filled with losers.",2019-10-14
47,[deleted],f3s3bzn,/r/pennystocks/comments/dhr2nh/lvca_is_going_to_be_the_ca_branch_of_dcgd/f3s3bzn/,1,[deleted],2019-10-14
48,jameson62,f3s5ktc,/r/pennystocks/comments/dhweda/bimi_breakout_update_2/f3s5ktc/,1,I'm watching.  Low floaters keep me guessing lol,2019-10-14
49,Caviara,f3sbb1g,/r/pennystocks/comments/dhr2nh/lvca_is_going_to_be_the_ca_branch_of_dcgd/f3sbb1g/,1,It’s already gone up 500% in the last few days... is a dump not coming?,2019-10-14
50,conspiracytruthist,f3sin7a,/r/pennystocks/comments/dhweda/bimi_breakout_update_2/f3sin7a/,1,I got in at 3.00 sold at 8.05. 100 shares..... Got in ses at 357 sold shortly after before bell was not expecting the monster run up in after hours ...had chance to get in today but played bimi I with rest of my powder.,2019-10-14
51,conspiracytruthist,f3siufa,/r/pennystocks/comments/dhweda/bimi_breakout_update_2/f3siufa/,1,We did the same things on our exits lol.,2019-10-14
52,prettypennystocks,f3smgk5,/r/pennystocks/comments/dhweda/bimi_breakout_update_2/f3smgk5/,1,"I did some background on the company posted [here](https://www.instagram.com/p/B3nLuO1ga44/). There was a big spike like this December 12, 2018, which created lots of resistance/support spots along the way. Should be very interesting to see how things play out by the end of the week.

At least it doesn't look *too* much like a pump and dump!",2019-10-14
53,roxgreyman77,f3sn364,/r/pennystocks/comments/dhwrwz/i_have_a_stock_that_went_to_the_grey_sheets_about/f3sn364/,1,"Yeah, I tried that. You have to go pretty deep to find anything about the expert market. I was hoping someone on here has had some first hand experience.",2019-10-14
54,DaddyDookie,f3spy33,/r/pennystocks/comments/dhr2nh/lvca_is_going_to_be_the_ca_branch_of_dcgd/f3spy33/,1,Scam?,2019-10-14
55,DaddyDookie,f3sq7d0,/r/pennystocks/comments/dhr2nh/lvca_is_going_to_be_the_ca_branch_of_dcgd/f3sq7d0/,1,Laymens terms?,2019-10-14
56,DaddyDookie,f3sttog,/r/pennystocks/comments/dhweda/bimi_breakout_update_2/f3sttog/,1,What are your predictions for tomorrow? Is it too late to get in?,2019-10-14
57,et1haan,f3stz6n,/r/pennystocks/comments/dhweda/bimi_breakout_update_2/f3stz6n/,1,would also like to know.,2019-10-14
58,delicutsofsalami,f3sxugm,/r/pennystocks/comments/dhwrwz/i_have_a_stock_that_went_to_the_grey_sheets_about/f3sxugm/,1,I was just trolling for downvotes.,2019-10-14
59,veryblueeyes,f3t54ko,/r/pennystocks/comments/dhr2nh/lvca_is_going_to_be_the_ca_branch_of_dcgd/f3t54ko/,1,"Missed this pump... YTD over 20,000%!!",2019-10-14
60,damien008,f3tvd1c,/r/pennystocks/comments/dhro4z/penny_stocks_to_watch_this_week_bimi_nat_tnk/f3tvd1c/,1,someone went balls deep in it,2019-10-14
61,damien008,f3tvhvc,/r/pennystocks/comments/dhjvw2/earning_releases/f3tvhvc/,1,Its like scratch tickets in a way...you either win or lose,2019-10-14
62,AlrightStopHammatime,f3ufs76,/r/pennystocks/comments/dhr2nh/lvca_is_going_to_be_the_ca_branch_of_dcgd/f3ufs76/,1,"I just bailed this morning.  Sorry man, this one flopped.",2019-10-14
63,Neverrreverrr,f3ufury,/r/pennystocks/comments/dhr2nh/lvca_is_going_to_be_the_ca_branch_of_dcgd/f3ufury/,1,Yeah I didn’t take the chance,2019-10-14
64,levinorthdesign,f3v6xn4,/r/pennystocks/comments/dhweda/bimi_breakout_update_2/f3v6xn4/,1,"Made 413$ off this today, sold and bought 4 times. Great performer!",2019-10-14
65,esoteric82,f3vk1v5,/r/pennystocks/comments/dhwrwz/i_have_a_stock_that_went_to_the_grey_sheets_about/f3vk1v5/,1,I've found that's the case about many things relating to finance. I'm largely unable to find in depth information about leveraged/inverse ETFs for example.,2019-10-14
66,jameson62,f3vylyv,/r/pennystocks/comments/dhweda/bimi_breakout_update_2/f3vylyv/,1,NICE!,2019-10-14
67,vakavaka,f46t334,/r/pennystocks/comments/dhptye/rxmd_news_out_this_morning/f46t334/,1,I had a grand from a penny and sold at 26 cents. That was my first pennystock ever and im hooked,2019-10-14
68,I-Am-Dad-Bot,f46t3p2,/r/pennystocks/comments/dhptye/rxmd_news_out_this_morning/f46t3p2/,1," Hi hooked, I'm Dad!",2019-10-14
69,[deleted],f4p2qgi,/r/pennystocks/comments/dhk6q0/how_to_detect_a_fraud/f4p2qgi/,1,[deleted],2019-10-14
70,joe1587,f6whlyq,/r/pennystocks/comments/dhq0mn/biotech_penny_stocks_sls_ttnp_gtbp/f6whlyq/,1,I need help understanding this. I bought SLS on Nov 6 not very many shares at all. They were like .14 a share. But now i am showing that I don't own any at all? But the stock is up to $5.55? I don't understand.,2019-10-14
71,knott4shore,f6xc4pw,/r/pennystocks/comments/dhq0mn/biotech_penny_stocks_sls_ttnp_gtbp/f6xc4pw/,1,they did a 50 to 1 reverse split- contact your broker,2019-10-14
72,xiacexi,f7bk2kh,/r/pennystocks/comments/dhq0mn/biotech_penny_stocks_sls_ttnp_gtbp/f7bk2kh/,1,"Reverse split, sucks :( I got a notification it went up like 5000% and thought I made bank just to find out my shares got cut down ;_;",2019-10-14
73,[deleted],fbgxxck,/r/pennystocks/comments/dhwrwz/i_have_a_stock_that_went_to_the_grey_sheets_about/fbgxxck/,1,[removed],2019-10-14
